 1    0.000  23.000
 0    0.000   0.000
          0       0
 1    0.000  23.000
 0    1.480   1.480
          0       0
 1    0.000  23.000
 0    1.480   1.480
          0       0
 2    0.000   0.940   1.450   2.440   2.660   6.140   7.270   7.700   8.350   9.570
 1    2.550   2.560   2.570   2.570   2.590   2.580   2.540   2.350   2.180   2.130
          0       0       0       0       0       0       0       0       0       0
 2   10.940  11.910  12.330  16.060  17.930  18.960  20.470  21.210  23.000
 0    2.110   2.120   2.130   2.250   2.400   2.490   2.480   2.440   2.410
          0       0       0       0       0       0       0       0       0
 2    0.000  23.000
 0    1.500   1.500
          0       0
 2    0.000  23.000
 0    1.520   1.520
          0       0
 3    0.000   0.940   1.450   2.440   2.660   6.140   7.270   7.700   8.350   9.000
 1    2.620   2.630   2.640   2.640   2.660   2.650   2.610   2.420   2.255   2.225
          0       0       0       0       0       0       0       0       0       0
 3   10.000  11.000  12.000  13.000  14.000  15.000  16.060  17.930  18.960  20.470
 1    2.188   2.185   2.200   2.230   2.290   2.300   2.322   2.462   2.547   2.537
          0       0       0       0       0       0       0       0       0       0
 3   21.210  23.000
 0    2.497   2.467
          0       0
 3    0.000   9.000   9.500  10.000  10.500  11.000  11.500  12.000  12.500  13.000
 1    1.842   1.842   1.842   1.805   1.771   1.857   1.788   1.779   1.841   1.905
          0       0       0       0       0       0       0       0       0       1
 3   13.500  14.000  14.500  15.000  15.500  23.000
 0    1.938   1.880   1.851   1.839   1.793   1.842
          0       0       0       0       0       0
 3    0.000  23.000
 0    2.100   2.100
          0       0
 4    0.000   0.940   1.450   2.440   2.660   6.140   7.270   7.700   8.350   9.000
 1    2.648   2.658   2.668   2.668   2.688   2.678   2.638   2.448   2.278   2.248
          0       0       0       0       0       0       0       0       0       0
 4   10.000  11.000  12.000  13.000  14.000  15.000  16.060  17.930  18.960  20.470
 1    2.211   2.208   2.223   2.253   2.313   2.323   2.343   2.485   2.575   2.565
          0       0       0       0       0       0       0       0       0       0
 4   21.210  23.000
 0    2.525   2.495
          0       0
 4    0.000  11.000  11.250  11.500  11.750  12.000  12.500  23.000
 0    1.665   1.665   1.695   1.600   1.675   1.660   1.695   1.665
          0       0       0       0       0       0       0       0
 4    0.000  11.000  11.250  11.500  11.750  12.000  12.500  23.000
 0    1.733   1.733   1.739   1.720   1.736   1.732   1.739   1.733
          0       0       0       0       0       0       0       0
 5    0.000   0.940   1.450   2.440   2.660   6.140   7.270   7.700   8.350   9.000
 1    2.683   2.693   2.703   2.703   2.723   2.713   2.673   2.483   2.312   2.279
          0       0       0       0       0       0       0       0       0       0
 5   10.000  10.500  11.000  11.500  12.000  13.000  14.000  15.000  16.060  17.930
 1    2.240   2.239   2.251   2.252   2.250   2.283   2.340   2.351   2.370   2.510
          0       0       0       0       0       0       0       0       0       0
 5   18.960  20.470  21.210  23.000
 0    2.605   2.595   2.555   2.525
          0       0       0       0
 5    0.000  23.000
 0    1.750   1.750
          0       0
 5    0.000  23.000
 0    1.800   1.800
          0       0
 6    0.000   0.940   1.450   2.440   2.660   6.140   7.270   7.700   8.350   9.000
 1    2.732   2.742   2.752   2.752   2.772   2.762   2.722   2.537   2.354   2.310
          0       0       0       0       0       0       0       0       0       0
 6    9.500  10.000  10.500  11.000  11.500  12.000  13.000  14.000  15.000  16.060
 1    2.290   2.287   2.297   2.301   2.299   2.298   2.338   2.397   2.407   2.424
          0       0       0       0       0       0       0       0       0       0
 6   17.930  18.960  20.470  21.210  23.000
 0    2.557   2.642   2.632   2.592   2.561
          0       0       0       0       0
 6    0.000  23.000
 0    1.850   1.850
          0       0
 6    0.000  23.000
 0    1.900   1.900
          0       0
 7    0.000   0.940   1.450   2.440   2.660   6.140   7.270   7.700   8.350   9.000
 1    2.770   2.780   2.790   2.790   2.810   2.800   2.760   2.583   2.405   2.350
          0       0       0       0       0       0       0       0       0       0
 7    9.500  10.000  10.500  11.000  12.000  12.500  13.000  14.000  16.060  17.930
 1    2.334   2.336   2.344   2.346   2.343   2.367   2.398   2.446   2.469   2.603
          0       0       0       0       0       0       0       0       0       0
 7   18.960  20.470  21.210  23.000
 0    2.679   2.669   2.630   2.600
          0       0       0       0
 7    0.000  10.000  10.500  11.000  11.500  12.000  12.500  13.000  13.500  14.000
 1    1.850   1.850   1.850   1.861   1.814   1.823   1.882   1.870   1.852   1.850
          0       0       0       0       0       0       0       0       0       0
 7   18.000  23.000
 0    1.850   1.850
          0       0
 7    0.000  10.000  10.500  11.000  11.500  12.000  12.500  13.000  13.500  14.000
 1    1.860   1.860   1.860   1.862   1.833   1.830   1.882   1.892   1.858   1.860
          0       0       0       0       0       0       0       0       0       0
 7   18.000  23.000
 0    1.860   1.860
          0       0
 8    0.000   0.940   1.450   2.440   2.660   6.140   7.270   7.700   8.350   9.000
 1    2.822   2.832   2.842   2.842   2.862   2.853   2.813   2.674   2.497   2.434
          0       0       0       0       0       0       0       0       0       0
 8    9.500  10.000  10.500  11.000  11.500  12.000  12.500  13.000  13.500  14.000
 1    2.421   2.419   2.438   2.446   2.443   2.444   2.458   2.489   2.510   2.523
          0       0       0       0       0       0       0       0       0       0
 8   15.530  16.060  17.930  18.960  20.470  21.210  23.000
 0    2.531   2.555   2.680   2.750   2.743   2.690   2.661
          0       0       0       0       0       0       0
 8    0.000  23.000
 0    1.900   1.900
          0       0
 8    0.000  23.000
 0    1.920   1.920
          0       0
 9    0.000   0.940   1.450   2.440   2.660   6.140   7.270   7.700   8.350   9.000
 1    2.857   2.867   2.877   2.877   2.897   2.887   2.847   2.766   2.552   2.492
          0       0       0       0       0       0       0       0       0       0
 9    9.500  10.000  10.500  11.000  11.500  12.000  12.500  13.000  13.500  14.000
 1    2.476   2.478   2.491   2.495   2.495   2.492   2.502   2.539   2.572   2.585
          0       0       0       0       0       0       0       0       0       0
 9   15.030  15.545  16.060  17.930  18.960  20.470  21.210  23.000
 0    2.593   2.591   2.607   2.726   2.791   2.777   2.735   2.708
          0       0       0       0       0       0       0       0
 9    0.000  23.000
 0    1.930   1.930
          0       0
 9    0.000  23.000
 0    1.950   1.950
          0       0
10    0.000   0.940   1.450   2.440   2.660   6.140   7.270   7.700   8.350   9.000
 1    2.890   2.900   2.910   2.910   2.930   2.920   2.880   2.824   2.602   2.547
          0       0       0       0       0       0       0       0       0       0
10    9.500  10.000  10.500  11.000  11.500  12.000  12.500  13.000  13.500  14.000
 1    2.535   2.538   2.545   2.550   2.547   2.540   2.550   2.585   2.623   2.641
          0       0       0       0       0       0       0       0       0       0
10   16.060  17.930  18.960  20.470  21.210  23.000
 0    2.650   2.756   2.824   2.811   2.771   2.747
          0       0       0       0       0       0
10    0.000  23.000
 0    1.960   1.960
          0       0
10    0.000  23.000
 0    1.980   1.980
          0       0
11    0.000   0.940   1.450   2.440   2.660   6.140   7.270   7.700   8.350   9.000
 1    2.954   2.963   2.974   2.974   2.994   2.984   2.944   2.895   2.644   2.601
          0       0       0       0       0       0       0       0       0       0
11   10.000  10.500  11.000  11.500  12.000  12.500  13.000  13.500  14.000  16.060
 1    2.589   2.596   2.600   2.597   2.591   2.600   2.631   2.667   2.690   2.696
          0       0       0       0       0       0       0       0       0       0
11   17.930  18.960  20.470  21.210  23.000
 0    2.798   2.865   2.846   2.810   2.784
          0       0       0       0       0
11    0.000  23.000
 0    1.990   1.990
          0       0
11    0.000  23.000
 0    2.010   2.010
          0       0
12    0.000   0.940   1.450   2.440   2.660   6.140   7.270   7.700   8.350   9.000
 1    3.011   3.020   3.031   3.031   3.051   3.040   3.000   2.938   2.688   2.646
          0       0       0       0       0       0       0       0       0       0
12   10.000  11.000  12.000  12.500  13.000  14.000  16.060  17.930  18.960  20.470
 1    2.633   2.642   2.634   2.643   2.674   2.734   2.741   2.842   2.904   2.884
          0       0       0       0       0       0       0       0       0       0
12   21.210  23.000
 0    2.849   2.824
          0       0
12    0.000   9.000  10.000  11.000  12.000  13.000  14.000  15.000  16.000  23.000
 0    2.260   2.243   2.197   2.193   2.245   2.262   2.282   2.333   2.326   2.260
          0       1       1       1       1       1       1       1       1       0
12    0.000  23.000
 0    2.270   2.270
          0       0
13    0.000   0.940   1.450   2.440   2.660   6.140   7.270   7.700   8.350   9.000
 1    3.085   3.094   3.104   3.104   3.125   3.114   3.074   3.001   2.744   2.706
          0       0       0       0       0       0       0       0       0       0
13   10.000  11.000  12.000  12.500  13.000  14.000  16.060  17.930  18.960  20.470
 1    2.692   2.700   2.696   2.703   2.737   2.798   2.803   2.894   2.959   2.941
          0       0       0       0       0       0       0       0       0       0
13   21.210  23.000
 0    2.908   2.879
          0       0
13    0.000  23.000
 0    2.240   2.240
          0       0
13    0.000  23.000
 0    2.260   2.260
          0       0
14    0.000   0.940   1.450   2.440   2.660   6.140   7.270   7.700   8.350   9.000
 1    3.130   3.140   3.150   3.150   3.170   3.160   3.120   3.043   2.799   2.756
          0       0       0       0       0       0       0       0       0       0
14   10.000  11.000  12.000  12.500  13.000  14.000  16.060  17.930  18.960  20.470
 1    2.737   2.745   2.743   2.758   2.788   2.848   2.850   2.947   3.006   2.986
          0       0       0       0       0       0       0       0       0       0
14   21.210  23.000
 0    2.956   2.931
          0       0
14    0.000  23.000
 0    2.270   2.270
          0       0
14    0.000  23.000
 0    2.290   2.290
          0       0
15    0.000   0.940   1.450   2.440   2.660   6.140   7.270   7.700   8.350   9.000
 1    3.187   3.197   3.207   3.207   3.227   3.217   3.177   3.100   2.864   2.822
          0       0       0       0       0       0       0       0       0       0
15   10.000  11.000  12.000  12.500  13.000  14.000  16.060  17.930  18.960  20.470
 1    2.802   2.806   2.807   2.821   2.852   2.902   2.904   2.995   3.055   3.039
          0       0       0       0       0       0       0       0       0       0
15   21.210  23.000
 0    3.009   2.986
          0       0
15    0.000  23.000
 0    2.300   2.300
          0       0
15    0.000  23.000
 0    2.320   2.320
          0       1
16    0.000  23.000
 0    3.300   3.300
